$ANSIBLE_VAULT;1.1;AES256
34326638303636313566313761396331633336646330636430366561623531376335636438653838
6364356362633963373266323736623964623934396263330a363233396363323966656365306338
64303839626432396566636539616539666132316365313534653462653431303831313763346661
3137393965343365660a643639336365636465616564653032323333653431333130346430613564
61353765643235386232343730373630316561393739353461343035616330333134373061383264
39633935316434393838323662626530306135633864326537306565646261363832356238396235
34626634643633646463356162353830613139393263663234663737636537323235666234366432
34666662303930343534643337653964386638646161383462623938623736643339616636633632
65626361393563346133306237356566373432373939653932633565393835303031323535383737
39383963303532663164616236386130396530646635633264333131383936306364343364633537
36613937396665393935613835373464393334633063383336656335383830626664633062346565
31613261333164646162633865646638356632313561666161633931393066363337363433616262
35346439656663396134616331386436303363333262643036333236613865323739323937663065
38643163366162346237643930643735313162313431313434333636326161303239363264613863
34336638316635303361383239613238323761323938363133646533353734643734316332636464
61343163313265393537323964363466383061383061396662633163343061333734623761386463
65666536303061316663316365653235383537306239613266646638303737323061343437383937
62383765666333336165373263666266303732633338303963356263386236626238663036333663
37393761393665396566333237316362623132373035623064366639613731373234663232623061
65376337373863613339326432366635653031333866663938376466623937386466343865323436
63333133623635376163316535656231326437326136396566353330646637316532626263653831
34633964656336633962643065396661303233643065306563303737323833386239616633626366
66323238323730623639376138646137353863343731656535643662633333626661346334616138
61616431343061613333326231343531393265636262303330336232316236646464333966343561
61343937663231666537303138383530323933646135323237386531633336343037663632393834
3636396136353337636430323464613762333137626232323436
